Webots Project File version R2020a
perspectives: 000000ff00000000fd0000000300000000000002bf000003acfc0100000003fb0000001e00480074006d006c0052006f0062006f007400570069006e0064006f00770000000000000003200000000000000000fb0000001e00480074006d006c0052006f0062006f007400570069006e0064006f00770000000000000002bf0000000000000000fb0000001a0044006f00630075006d0065006e0074006100740069006f006e0000000000ffffffff0000006900ffffff0000000100000306000001fcfc0200000001fb0000001400540065007800740045006400690074006f0072010000001a000001fc0000008700ffffff0000000300000780000001b8fc0100000001fb0000000e0043006f006e0073006f006c00650100000000000007800000006900ffffff00000478000001fc00000001000000020000000100000008fc00000000
simulationViewPerspectives: 000000ff00000001000000020000019b000005e30100000002010000000100
sceneTreePerspectives: 000000ff0000000100000002000000c0000000000100000002010000000200
maximizedDockId: -1
centralWidgetVisible: 1
renderingMode: PLAIN
selectionDisabled: 0
viewpointLocked: 0
orthographicViewHeight: 1
textFiles: 0 "controllers/SOLUCION_2/SOLUCION_2.py"
globalOptionalRendering: CoordinateSystem
renderingDevicePerspectives: robot:camera;0;0.91375;0;0
renderingDevicePerspectives: robot:camera(1);0;0.91375;0;0
x3dExport-shadowBias: 0
x3dExport-shadowMapSize: 2048
x3dExport-shadowRadius: 0
